9941
6318
7179
7061
3596
4494
9896
5434
9586
665
8037
9889
8771
1314
6116
3431
1052
4488
1601
3109
2236
5243
4461
7277
1904
9933
7208
4616
2937
1370
5343
9605
4105
4867
2344
6220
8445
6504
9178
3984
5359
3345
1031
435
2885
6189
9311
5795
2205
4078
8229
6469
5419
9112
9964
8724
7696
6116
5282
7488
1401
1815
5673
1073
4683
2801
8570
655
2684
6520
4240
4513
3820
3182
7926
4724
3031
7727
1401
9836
259
5136
5719
2508
1185
4110
6449
5474
5676
6715
6858
6942
911
8806
7408
6208
1906
6326
1766
456
8531
6812
8852
7364
7618
4226
7814
591
3603
8648
3214
4469
9506
7079
8253
697
8757
6317
6678
8467
7400
2620
1827
4698
7745
9326
7151
3168
263
1147
9083
1926
7756
7147
9105
1527
2587
4725
8428
6308
5359
3268
6397
5000
9807
9470
2196
8061
56
7527
1284
7973
4676
8627
1111
5751
4264
6535
1819
401
503
9651
6721
8954
9020
3244
6243
8245
7055
6338
1841
4636
2330
9613
1731
6993
6492
1575
8500
5793
9300
6409
4538
8218
1732
5712
459
9335
558
9661
308
3057
1578
3730
5932
1639
1379
68
8924
834
156
6972
558
8903
8844
3821
9843
2731
6365
3882
491
5468
9568
2669
2149
5639
6561
9660
9180
2957
1140
5094
4488
2950
6816
2553
5560
6583
6534
9361
6166
8048
9545
9699
8114
1310
7734
5280
5665
580
6470
2157
9236
2748
273
5182
2089
4710
3271
1224
1822
3421
8722
9583
3729
6549
7605
3458
7337
4683
6708
9043
1522
8894
2137
2873
9188
4281
6424
1169
9470
9017
8767
9568
1310
6157
670
492
6056
2246
1972
721
8373
9063
2203
794
872
1693
5729
5786
3093
4479
2832
7241
2036
4360
8171
8008
7249
1856
9710
8531
9860
7167
4299
7683
3668
9887
7078
1945
7760
2145
3991
6746
6752
3650
3689
9905
5668
7727
1718
4689
1594
2273
8729
2193
1164
4568
5168
7350
6713
6599
3119
5173
2905
4369
6586
724
957
815
7771
6409
5985
7280
4209
7185
6711
3958
6759
8189
109
8739
5689
3956
2412
1525
8698
5092
9015
1102
4599
349
6710
1728
5898
7451
5091
5044
6179
2898
3280
4961
32
533
4473
4569
859
4062
8931
81
5898
8827
1934
9104
3432
6334
3867
9567
7033
8939
8201
5882
5792
1381
5769
5326
2105
8709
6501
1271
3604
8568
9967
558
2463
8166
6935
7925
8112
2567
434
7452
6616
3012
9832
206
9561
9858
4857
8792
8822
8190
3432
235
6725
2903
5059
7644
6082
598
7170
9292
7666
996
8112
3391
6555
1904
7593
7493
8310
2688
8767
8920
8513
6274
5925
5678
618
4704
5780
9456
2947
627
6956
8200
5411
4820
4947
9990
7281
2110
1295
9954
3944
3360
6372
3820
6582
1282
9440
7253
5824
2060
6845
2556
6907
2908
881
6648
2596
4337
5516
1402
5974
6085
5564
7509
7162
7869
3497
5398
5208
8392
4815
7447
7969
929
599
2753
4122
7195
2293
2029
1914
5986
2670
8705
3832
61
3431
6177
1230
4295
583
2101
1035
1001
4250
6269
7125
5475
7429
4167
5078
8536
5009
782
2771
2057
9252
6188
2300
2574
8577
3399
2538
1662
560
4139
6969
7216
4611
2541
8388
9287
9475
3321
1347
617
2335
7802
2432
1097
8417
8924
1975
4770
2452
7542
5812
4592
1725
3237
4636
8164
5760
1930
8864
4820
1084
2618
130
6634
4792
1280
3801
4663
8189
7097
9621
2393
6542
9251
8718
3308
7824
8852
4780
9357
901
1199
3016
5275
5368
9334
1395
5926
5184
8101
5293
9554
6104
9273
3974
2134
7841
3966
3041
2352
1772
8145
6962
5090
6993
629
6853
564
8894
7601
7533
3900
9490
3794
5121
8732
8477
9893
6281
706
8513
4279
7330
4638
1708
7714
5580
6264
3026
5479
9606
2629
9730
7840
423
9235
6487
9108
2717
2911
3364
1110
7060
8217
2465
3184
8934
1813
2328
1503
3966
3032
4323
717
8091
3376
8806
1026
1848
6093
8188
9831
6247
2570
8393
3605
9325
2803
6725
3938
2231
3634
8236
639
7102
3574
4719
8546
4231
5326
8256
4012
8277
8254
7491
453
6471
4391
4508
4942
2568
6496
9270
84
394
5990
393
5806
7628
5989
5615
4695
5520
1641
5498
1075
8533
6210
3479
236
5418
3541
7540
9404
8316
6608
9375
10
3998
9507
887
3437
6931
3148
7120
8834
6884
2766
1608
6740
4397
4585
5502
8467
4696
3835
1553
4754
9504
802
1841
3440
7427
5012
6680
6185
8070
7107
3228
5588
4057
1773
7694
8351
5983
946
6028
2048
8633
2347
6895
237
7486
1606
5572
2485
875
4063
1195
4326
6063
3884
5653
9060
4109
8157
8435
7381
4959
4140
5639
5677
6464
2490
6876
216
4966
308
4887
7291
2840
5654
8984
3205
7347
202
5522
7379
8881
2517
3602
4512
6500
7027
2763
4363
1175
8366
7012
1713
6734
2561
866
9592
8740
653
7204
9738
8061
306
1988
4437
7792
6750
6755
8157
799
1957
6644
5576
9900
2547
9917
1306
5987
3515
6005
6960
3954
3132
8995
5100
30
2190
9005
9639
5970
9249
6206
3233
2814
1228
6576
3280
4744
5539
3031
6124
3607
1954
4436
2477
2264
225
1796
9277
2343
3118
3842
5459
3016
83
6963
2651
2831
6260
952
810
9189
6517
4294
9649
4367
4621
4767
9755
7304
8165
1139
3306
2464
3801
1606
8142
4001
9086
1373
9460
6537
1471
812
3916
5463
4472
1756
4740
5606
8839
5462
7880
9870
9732
9693
2144
823
4079
8061
7390
1199
5385
9180
4545
7087
4425
1606
6348
8903
6504
2719
2937
1134
547
9645
8564
6063
5164
5048
6062
810
667
7227
4654
4939
464
5702
5293
2898
4157
4477
828
282
1498
2559
8270
9388
4545
3118
88
6548
7815
5290
3783
725
802
2758
1686
1383
9696
1126
455
5756
3706
5267
3379
4230
667
4991
8001
1097
5996
3581
5424
4072
9728
6199
2826
3850
5691
9818
7513
